600    0.0627254473138
650    0.0369236103711
700    0.0226556386224
750    0.0143667608706
800    0.00934281655516
850    0.00622531412263
900    0.00423184372756
950    0.0029307439497
1000    0.00206309320478
1050    0.00146725367241
1100    0.0010601484053
1150    0.000775965031305
1200    0.000569251145851
1250    0.000423805332951
1300    0.000316200457982
1350    0.000238994407096
1400    0.000181734350345
1450    0.000138022516026
1500    0.000106353546091
1550    8.20730616257e-05
1600    6.38017783181e-05
1650    4.94067919841e-05
1700    3.87704965262e-05
1750    3.03743620135e-05
1800    2.39624775778e-05
1850    1.89590437658e-05
1900    1.50516987824e-05
1950    1.19149089499e-05
2000    9.502572678e-06
2050    7.62341540971e-06
2100    6.11692834317e-06
2150    4.90144580429e-06
2200    3.96643028672e-06
2250    3.19794500322e-06
2300    2.58479385329e-06
2350    2.09432938428e-06
2400    1.7037830557e-06
2450    1.38427081001e-06
2500    1.1307120638e-06
