600    0.0159633812503
650    0.00940039650049
700    0.005779539970662
750    0.00365275130347
800    0.00238006515877
850    0.00159012852308
900    0.00108545723749
950    0.000754617172487
1000    0.000529208621774
1050    0.000377515572975
1100    0.000271331379664
1150    0.000199017742433
1200    0.000146029139144
1250    0.000108329328529
1300    8.1084229558e-05
1350    6.09237219001e-05
1400    4.62624753614e-05
1450    3.52912377378e-05
1500    2.70776278884e-05
1550    2.08379187794e-05
1600    1.61026268697e-05
1650    1.25490410276e-05
1700    9.80270343882e-06
1750    7.67854914821e-06
1800    6.03582717833e-06
1850    4.74949872632e-06
1900    3.75539790537e-06
1950    2.9769396248e-06
2000    2.3606836739e-06
2050    1.89016519902e-06
2100    1.50874510361e-06
2150    1.20682673011e-06
2200    9.7001509218e-07
2250    7.77432755402e-07
2300    6.22766624458e-07
2350    5.03749253788e-07
2400    4.07707410325e-07
2450    3.30190879341e-07
2500    2.66777671569e-07
