600    0.36745651072
650    0.217291666176
700    0.133371609280
750    0.084868387552
800    0.055369250976
850    0.037103076608
900    0.0252463491904
950    0.0175890835744
1000    0.0123559701824
1050    0.0088670357568
1100    0.0064036820224
1150    0.0046773743328
1200    0.0034399325376
1250    0.00255245069664
1300    0.00191631971648
1350    0.00144345149728
1400    0.00109772876512
1450    0.00084035355456
1500    0.00064621960416
1550    0.00049785918208
1600    0.00038659607168
1650    0.00030038157344
1700    0.000236632999616
1750    0.000185008069376
1800    0.000145918975072
1850    0.00011488060272
1900    9.1342401696e-05
1950    7.2747626432e-05
2000    5.803841264e-05
2050    4.6260664736e-05
2100    3.7276024448e-05
2150    3.0041039808e-05
2200    2.41648486976e-05
2250    1.94485611008e-05
2300    1.57722665152e-05
2350    1.27162781824e-05
2400    1.036245808e-05
2450    8.4277482432e-06
2500    6.8968716128e-06
