600    0.00257642029915
650    0.00151617780897
700    0.000927178247227
750    0.000590664864084
800    0.000383631090045
850    0.000256607096257
900    0.000174348687422
950    0.000121049604035
1000    8.51129440339e-05
1050    6.07515465734e-05
1100    4.39790353723e-05
1150    3.18712524225e-05
1200    2.35005208268e-05
1250    1.74480406251e-05
1300    1.30636853103e-05
1350    9.8177570193e-06
1400    7.43430480493e-06
1450    5.67651702925e-06
1500    4.34944982506e-06
1550    3.36108818167e-06
1600    2.59467276548e-06
1650    2.018967397e-06
1700    1.56914759528e-06
1750    1.22940710083e-06
1800    9.64652254134e-07
1850    7.61626495898e-07
1900    6.02764179395e-07
1950    4.75965989314e-07
2000    3.79209100779e-07
2050    3.01692569795e-07
2100    2.39587141827e-07
2150    1.9193315112e-07
2200    1.54195706554e-07
2250    1.23185330765e-07
2300    9.89114322414e-08
2350    7.96757789343e-08
2400    6.42261011179e-08
2450    5.19150948316e-08
2500    4.19693823782e-08
