600    0.0150138902368
650    0.0088875012512
700    0.0054784110784
750    0.0034987348032
800    0.00227899133696
850    0.00153355732192
900    0.00104817920896
950    0.0007281104064
1000    0.00051140676288
1050    0.00036673589472
1100    0.00026456695824
1150    0.000192730190432
1200    0.000141995941568
1250    0.000105890197504
1300    7.9031397952e-05
1350    5.946523232e-05
1400    4.5246037408e-05
1450    3.4523271328e-05
1500    2.65397107872e-05
1550    2.03709495808e-05
1600    1.5771401776e-05
1650    1.22161706784e-05
1700    9.5694922336e-06
1750    7.478552848e-06
1800    5.8707144288e-06
1850    4.6373080832e-06
1900    3.6673589472e-06
1950    2.9118651328e-06
2000    2.30729713344e-06
2050    1.83448656352e-06
2100    1.45754674624e-06
2150    1.17593001344e-06
2200    9.3991386112e-07
2250    7.5315901856e-07
2300    6.0353031232e-07
2350    4.869922928e-07
2400    3.9103506624e-07
2450    3.1539921088e-07
2500    2.55149948352e-07
