600    0.093097822272
650    0.05554508128
700    0.034090901728
750    0.0217101423552
800    0.014213429984
850    0.009539514608
900    0.0064872734784
950    0.0045090384352
1000    0.003180799024
1050    0.00227227519584
1100    0.00163963199712
1150    0.00119901855008
1200    0.00088278342464
1250    0.00065466522368
1300    0.00049010535392
1350    0.00036964718336
1400    0.000280913411584
1450    0.000214092131136
1500    0.000164239916256
1550    0.000126606466272
1600    9.8433263136e-05
1650    7.6561126304e-05
1700    5.9600708128e-05
1750    4.6828510144e-05
1800    3.66072928e-05
1850    2.898317552e-05
1900    2.29666084128e-05
1950    1.82062191168e-05
2000    1.4511765008e-05
2050    1.15569511616e-05
2100    9.218119872e-06
2150    7.377666608e-06
2200    5.9096276928e-06
2250    4.7425180192e-06
2300    3.816382336e-06
2350    3.0802010304e-06
2400    2.48177267936e-06
2450    2.0115275024e-06
2500    1.62392256832e-06
